979358207 941935524
542324377 876217596
542324377 201395041
542324377 541045169
542324377 640915571
542324377 920129561
632133217 338011990
632133217 478505856
632133217 802207752
90425751 948184729
886982469 627232979
886982469 877267142
886982469 211613519
886982469 369891013
886982469 248460339
886982469 791526595
948989168 611819334
948989168 485822517
948989168 234868573
857950707 926970854
857950707 670731833
857950707 585890056
857950707 881472855
857950707 619336992
857950707 892918902
351560454 199965611
176953871 569414344
606613384 322829449
334251173 145010838
334251173 92775978
334251173 726275927
334251173 791526595
334251173 476089062
334251173 17687437
334251173 228378745
337663503 783311265
337663503 60546396
337663503 707026136
337663503 19805240
337663503 853536411
302983455 71315465
302983455 174217400
302983455 794311550
302983455 608200651
302983455 102073072
302983455 645644675
302983455 212998702
302983455 455402804
778518379 14421848
778518379 410744483
778518379 619161454
778518379 261040212
673811668 984617637
673811668 790354987
25552178 607826222
25552178 822771092
25552178 627670171
25552178 478774067
25552178 329511448
530905689 371616923
126623252 815982956
126623252 616987255
126623252 827941272
126623252 432623185
70620429 640143317
70620429 58299423
70620429 598188149
70620429 317480144
70620429 130137369
70620429 478744392
70620429 322211335
666428813 838128663
666428813 729188772
666428813 862384078
611819334 948989168
611819334 841623000
611819334 893386109
469601020 816962227
307861866 435276144
307861866 828959898
307861866 428225375
307861866 443530874
307861866 478877061
186057667 195689968
186057667 844192302
186057667 760756056
186057667 867958118
22551666 751125803
22551666 312257288
22551666 774499311
22551666 921403053
22551666 224083612
22551666 56266545
652771495 618541622
652771495 293844085
652771495 174542263
652771495 585607102
652771495 73208606
285687906 893726832
285687906 235020950
285687906 561717575
285687906 59697071
285687906 306856508
794728535 902114114
794728535 576634086
794728535 408649909
794728535 727950783
794728535 675317915
253570546 126556963
253570546 9184483
253570546 180442325
253570546 82323204
253570546 824096028
253570546 499601609
253570546 980167644
826664224 98459487
826664224 584093037
826664224 490065366
826664224 356894637
826664224 336009882
826664224 271092102
826664224 968183627
826664224 688544306
826664224 594621312
826664224 604411270
251865629 643632192
251865629 883561059
251865629 349395134
251865629 224083612
251865629 814931151
209633162 534588805
209633162 181761804
209633162 96759172
209633162 191651631
209633162 634364339
209633162 351146640
209633162 535601542
866495737 252887430
866495737 844324
866495737 712770987
866495737 694463922
866495737 452263153
866495737 475716868
866495737 996813112
84211077 56266545
84211077 351768814
84211077 312005304
84211077 791983236
84211077 546871284
84211077 535497008
84211077 776530823
84211077 90863988
84211077 736810088
286434871 761086951
286434871 116033753
286434871 403792907
286434871 351557744
286434871 545953817
721959242 211351153
721959242 377982863
721959242 926198653
476756453 204857877
476756453 874216113
476756453 744786661
476756453 210661786
131861470 345897944
131861470 467591074
131861470 719375127
131861470 855393554
131861470 477039096
649474507 142120887
649474507 150695486
649474507 920610579
649474507 997071645
649474507 951090676
649474507 728571304
649474507 887314532
649474507 832254480
628777747 270276544
628777747 861592894
628777747 598305257
628777747 692597740
628777747 42495750
213431576 345719010
213431576 54774139
213431576 361876412
213431576 529571638
213431576 211343104
213431576 450619638
213431576 921644868
628556888 970444963
628556888 14322913
905703832 115565244
905703832 211351153
170737930 436706339
170737930 796150352
170737930 415092861
170737930 574272327
170737930 460456079
170737930 178706689
170737930 346296445
170737930 12221042
170737930 993445798
170737930 493568509
727350644 290869363
826862506 823325374
826862506 383791591
826862506 901072527
826862506 465300088
826862506 573349232
826862506 620715610
826862506 647336239
936530153 384155909
936530153 142936227
936530153 684660876
936530153 679547617
936530153 809125316
936530153 651100055
936530153 198060805
936530153 546222200
936530153 76919048
936530153 616112804
936530153 280821641
936530153 913201808
936530153 974655683
936530153 131096235
936530153 593867684
786728960 661352812
786728960 242785261
786728960 23931285
786728960 156654971
786728960 298432517
786728960 446479444
786728960 329935847
786728960 316758384
448030980 515140574
448030980 563474979
448030980 828628060
448030980 708276678
448030980 699011957
448030980 178706689
346415710 947140712
346415710 198340235
346415710 875695087
346415710 521735294
346415710 225883407
346415710 898986473
346415710 734653121
346415710 75419186
890273009 408649909
890273009 227042248
890273009 785480325
890273009 952464953
890273009 210491522
890273009 864132279
890273009 234519272
890273009 48901750
890273009 90152301
839780932 122768695
839780932 94963097
839780932 165279972
839780932 352435178
839780932 657591561
839780932 33069924
839780932 897642316