0 1
2 1
0 2
3 4
5 3
4 5
6 5
7 8
9 7
10 9
11 10
12 13
14 13
14 12
15 14
15 12
16 17
16 18
19 16
20 16
21 19
21 20
22 23
22 24
25 22
25 23
26 22
27 25
27 26
28 29
30 28
31 28
31 30
32 31
33 32
33 31
34 35
35 34
36 35
37 36
38 36
39 38
36 39
34 37
34 38
40 41
42 40
41 42
43 40
44 43
45 44
46 44
47 45
47 46
48 49
50 48
51 50
52 49
51 52
53 54
55 54
56 53
56 55
57 55
58 57
59 57
60 55
61 57
61 60
60 62
60 63
60 63
64 65
64 66
67 64
68 64
69 67
69 68
69 64
70 71
72 71
73 71
74 70
74 72
74 73
75 76
75 77
75 78
79 75
80 75
81 79
81 80
82 83
83 82
84 82
85 82
86 82
86 83
87 86
88 87
88 86
89 90
89 91
92 89
93 92
94 92
93 94
95 93
96 93
97 98
99 98
100 98
97 100
99 100