979358207
941935524
542324377
876217596
542324377
201395041
542324377
541045169
542324377
640915571
542324377
920129561
542324377
564495158
542324377
778787855
542324377
828628060
542324377
665636161
542324377
313240107
542324377
247885683
542324377
267724822
542324377
841123385
542324377
909436195
542324377
648959286
542324377
285614806
542324377
528318783
542324377
825530535
542324377
705842847
542324377
368007789
542324377
193275542
542324377
550677239
542324377
809216545
542324377
593427433