979358207 941935524
542324377 876217596
542324377 201395041
542324377 541045169
542324377 640915571
542324377 920129561
542324377 564495158
542324377 778787855
542324377 828628060
542324377 665636161
542324377 313240107
542324377 247885683
542324377 267724822
542324377 841123385
542324377 909436195
542324377 648959286
542324377 285614806
542324377 528318783
542324377 825530535
542324377 705842847
542324377 368007789
542324377 193275542
542324377 550677239
542324377 809216545
542324377 593427433
542324377 146403643
542324377 188618278
542324377 824479940
542324377 86323746
542324377 51356636
542324377 201025353
542324377 561562899
542324377 322827103
542324377 462103209
542324377 663038090
542324377 276058210
542324377 896372969
542324377 849937998
542324377 108749056
542324377 752011842
542324377 518176117
542324377 614711097
542324377 495034178
542324377 85168979
542324377 138111930
542324377 346820273
542324377 618175632
542324377 158138442
542324377 597682834
542324377 691681933
542324377 615641309
542324377 90453037
542324377 565261643
542324377 846852448
542324377 42731704
542324377 527450242
542324377 836857527
542324377 401486252
542324377 92857913
542324377 565046520
542324377 334849627
542324377 640420629
542324377 866758131
542324377 299091090
542324377 407747801
542324377 1708656
542324377 491499243
542324377 816496404
542324377 219934626
542324377 633025302
542324377 69426648
542324377 165970103
542324377 171334245
542324377 803793248
542324377 662102009
542324377 968813593
542324377 127646559
542324377 682101325
542324377 557094369
542324377 880536435
542324377 161690397
542324377 667747440
542324377 474536032
542324377 706154058
542324377 305853458
542324377 980816381
542324377 986023353
542324377 960225371
542324377 79841134
542324377 305350497
542324377 661068365
542324377 115037684
542324377 551430810
542324377 670141138
542324377 64813046
542324377 809282630
542324377 104725160
542324377 443443181
542324377 192892216
542324377 701814507
542324377 237469301
542324377 820026314
542324377 382738284
542324377 477372747
542324377 971710025
542324377 673908457
542324377 851077224
542324377 934636637
542324377 91664960
542324377 383709140
542324377 380554041
542324377 664375466
542324377 121485181
542324377 489157624
542324377 68730747
542324377 633069910
542324377 956141327
542324377 849680321
542324377 97220086
542324377 489672377
542324377 316706567
542324377 362030986
542324377 137884312
542324377 98702389
542324377 71540787
542324377 629691586
542324377 921474868
542324377 777237432
542324377 171769625
542324377 544486109
542324377 216635800
542324377 141633697
542324377 82414601
542324377 627085853
542324377 724565143
542324377 345159014
542324377 313701816
542324377 955140703
542324377 231043713
542324377 991761801
542324377 674335247
542324377 515677008
542324377 533900712
542324377 544336080
542324377 471183009
542324377 86930239
542324377 330735607
542324377 733266730
542324377 123249268
542324377 558668144
542324377 39604871
542324377 309350633
542324377 166995576
542324377 382511511
542324377 520220907
542324377 764049759
542324377 609454764
542324377 342933173
542324377 775172152
542324377 624376292
542324377 138184918
542324377 219777381
542324377 534343043
542324377 662022549
542324377 770466629
542324377 222937085
542324377 134615946
542324377 842460761
542324377 16511140
542324377 175920282
542324377 436855545
542324377 698742490
542324377 447908765
542324377 614695600
542324377 970983294
542324377 283500929
542324377 651401747
542324377 970597497
542324377 128586610
542324377 74160960
542324377 124922396
542324377 594759961
542324377 623383797
542324377 311213403
542324377 947784546
542324377 146653139
542324377 917642142
542324377 574664567
542324377 937266299
542324377 807192441
542324377 619494461
542324377 752648756
542324377 40143291
542324377 760297510
542324377 625829691
542324377 370183972
542324377 896706542
542324377 598392362
542324377 31276785
542324377 891302906
542324377 351388129
534493286 112391716
534493286 653871010
774057919 903164010
632133217 338011990
632133217 478505856
632133217 802207752
632133217 858441776
632133217 428933150
632133217 933374801
632133217 37287563
632133217 20578350
632133217 669472727
632133217 241027305
632133217 481328617
632133217 259625450
632133217 612445366
632133217 733086114
632133217 757336575
632133217 306804827
632133217 545757572
632133217 491104449
632133217 917194171
632133217 885028064
632133217 889897772
632133217 201217624
632133217 144807570
632133217 964908052
632133217 62568480
632133217 569158511
632133217 109318388
632133217 103172493
632133217 378550730
632133217 905842594
632133217 991453794
632133217 568962956
632133217 117478389
632133217 718820786
632133217 186165885
632133217 823820605
632133217 785187314
589948106 843200599
589948106 520779055
589948106 613053796
589948106 702604857
589948106 65971745
90425751 948184729
886982469 627232979
886982469 877267142
886982469 211613519
886982469 369891013
886982469 248460339
886982469 791526595
886982469 625420511
886982469 286674092
886982469 64455257
886982469 426442596
886982469 67291637
886982469 937082273
886982469 241255768
886982469 670985600
886982469 668094180
886982469 68366028
886982469 120097174
886982469 497923886
886982469 376150842
886982469 159638558
886982469 469612867
886982469 91616641
886982469 290791375
886982469 611317493
886982469 235178768
886982469 189208253
886982469 236746756
886982469 47085505
886982469 65884446
886982469 260114489
886982469 469689648
886982469 114664464
886982469 575072688
886982469 762835523
886982469 539149949
886982469 375066301
886982469 683199841
886982469 497019171
886982469 594055957
886982469 305357257
886982469 57300679
886982469 892140892
886982469 447918353
886982469 511158456
886982469 904101783
886982469 280899562
886982469 24757464
886982469 200913362
886982469 527044380
886982469 143432364
886982469 905842594
886982469 97683306
886982469 239231373
886982469 397361485
886982469 93360421
886982469 577806880
886982469 597382335
886982469 145712900
886982469 730560028
886982469 953652406
886982469 680491472
886982469 992882572
886982469 106651951
886982469 276677266
886982469 115936972
886982469 191849745
886982469 737041927
886982469 847860143
886982469 645725783
886982469 8471533
886982469 484817700
886982469 746744486
886982469 187369860
886982469 138026596
886982469 948456863
948989168 611819334
948989168 485822517
948989168 234868573
857950707 926970854
857950707 670731833
857950707 585890056
857950707 881472855
857950707 619336992
857950707 892918902
351560454 199965611
176953871 569414344
606613384 322829449
334251173 145010838
334251173 92775978
334251173 726275927
334251173 791526595
334251173 476089062
334251173 17687437
334251173 228378745
334251173 673332244
334251173 231288831
334251173 22604465
334251173 726147964
334251173 478219256
334251173 649432453
334251173 135728685
334251173 873568859
334251173 804463543
334251173 412167296
334251173 699044563
334251173 637071680
334251173 982601048
334251173 469967466
334251173 658124377
334251173 843441376
334251173 480264678
334251173 133605021
334251173 233736885
334251173 499622675
334251173 47191743
334251173 720549862
334251173 754053800
334251173 755919953
334251173 867234875
334251173 623987046
334251173 171806892
334251173 774701942
334251173 73606056
334251173 280778745
334251173 39818920
334251173 297662441
334251173 208182223
334251173 440231442
334251173 956263003
334251173 124848255
334251173 676728362
334251173 579608439
334251173 253854662
334251173 404010937
334251173 468133179
334251173 270036837
334251173 339671951
334251173 151565005
334251173 46475533
334251173 899843398
334251173 408080141
334251173 411892717
334251173 326324376
334251173 335383681
334251173 987063219
334251173 369872767
334251173 171022608
334251173 26087320
334251173 247318659
334251173 235952557
334251173 508409186
334251173 993595655
334251173 963117527
334251173 920944740
334251173 976886376
334251173 480731677
334251173 864592834
334251173 303560918
334251173 275852581
334251173 268353856
334251173 430106018
334251173 977479192
334251173 430612843
334251173 446925943
334251173 377980383
334251173 82145287
334251173 534665918
334251173 448423318
334251173 685204802
334251173 380566840
334251173 114040852
334251173 530409144
334251173 360680500
334251173 684729243
334251173 219204289
334251173 276907479
334251173 758882280
334251173 137061349
334251173 201444487
334251173 644622115
334251173 761051774
334251173 493509548
334251173 994088409
334251173 505222672
334251173 201073057
334251173 323473381
334251173 544376203
334251173 215052750
334251173 960359337
337663503 783311265
337663503 60546396
337663503 707026136
337663503 19805240
337663503 853536411
302983455 71315465
302983455 174217400
302983455 794311550
302983455 608200651
302983455 102073072
302983455 645644675
302983455 212998702
302983455 455402804
302983455 336375459
302983455 313605874
302983455 285168434
302983455 342753262
778518379 14421848
778518379 410744483
778518379 619161454
778518379 261040212
673811668 984617637
673811668 790354987
25552178 607826222
25552178 822771092
25552178 627670171
25552178 478774067
25552178 329511448
25552178 351745795
25552178 879113331
25552178 397292269
25552178 507035668
25552178 711390994
25552178 274277078
25552178 714037819
25552178 894281832
25552178 684290764
25552178 849258602
25552178 771461999
25552178 978842681
25552178 535602770
25552178 785844717
25552178 856279684
25552178 572024195
25552178 709910617
25552178 672173825
25552178 731963056
25552178 335006292
25552178 611051766
25552178 55314930
25552178 576478894
25552178 638989100
25552178 313924370
25552178 922808218
25552178 80028133
25552178 265754438
25552178 454959485
25552178 911416030
25552178 829202352
25552178 428847578
25552178 67854764
25552178 939265341
25552178 132742095
25552178 228526524
25552178 96269573
25552178 206921067
25552178 510426096
25552178 328018368
25552178 615299672
25552178 146068504
25552178 761783089
25552178 249813724
25552178 761441995
25552178 985810685
25552178 377690298
25552178 391004347
25552178 600848882
25552178 545953817
25552178 506311388
25552178 49926498
25552178 200384661
25552178 763324668
25552178 288826629
25552178 333510578
25552178 650175499
25552178 240865173
25552178 896043918
25552178 424476929
25552178 12138457
25552178 621497998
25552178 209022266
25552178 955844564
25552178 270848007
25552178 448365601
25552178 543416312
25552178 43404719
25552178 180220488
25552178 846300077
25552178 710032425
25552178 76015642
25552178 438868927
25552178 749414071
25552178 673738413
25552178 496334404
25552178 92243585
25552178 417657585
25552178 29213630
25552178 684286351
25552178 624687512
25552178 611236915
25552178 172670788
25552178 31711624
25552178 299956565
25552178 862018299
25552178 51597706
25552178 277994010
25552178 402156174
25552178 994460434
25552178 874611751
25552178 267549599
25552178 815156389
25552178 142546922
25552178 938903242
25552178 430042730
25552178 129201679
25552178 780679046
25552178 543077075
25552178 614927821
25552178 624164160
25552178 177328486
25552178 941935524
25552178 367037876
25552178 562970314
25552178 440701521
25552178 807192441
25552178 784922160
25552178 306395525
25552178 845353300
25552178 490890638
25552178 476600101
530905689 371616923
126623252 815982956
126623252 616987255
126623252 827941272
126623252 432623185
126623252 664995235
126623252 564203654
126623252 727870794
126623252 872079520
126623252 476816518
126623252 848016851
126623252 791892521
126623252 689220447
126623252 233023625
126623252 625420511
126623252 100180513
126623252 329494129
126623252 775754896
126623252 178706689
126623252 729707471
126623252 34768065
126623252 280226445
126623252 974298995
126623252 852244541
126623252 176217680
126623252 269930671
126623252 55189969
126623252 240404973
126623252 317509098
126623252 795574242
126623252 53317768
126623252 817244732
126623252 35474400
126623252 407772729
126623252 804808220
126623252 241395152
126623252 144329710
126623252 381713739
126623252 478219256
126623252 764945818
126623252 505745433
126623252 220865225
126623252 562787333
126623252 854432413
126623252 996191610
126623252 286181849
126623252 635507957
126623252 428934381
126623252 399235832
126623252 557747295
126623252 537824249
126623252 966852563
126623252 283672959
126623252 352193366
126623252 861434836
126623252 625648343
126623252 403580246
126623252 75340593
126623252 950973402
126623252 315730045
126623252 768728080
126623252 545359834
126623252 943655282
126623252 457382789
126623252 267171830
126623252 433311435
126623252 85243914
126623252 722050983
126623252 323089097
126623252 439684846
126623252 654201257
126623252 887511932
126623252 36686242
126623252 917779546
126623252 326514883
126623252 300455220
126623252 917567367
126623252 948339571
126623252 688299307
126623252 148146190
126623252 352163333
126623252 695963697
126623252 968290304
126623252 744923710
126623252 148558013
126623252 855376123
126623252 661514123
126623252 297170811
126623252 639858680
126623252 37666625
126623252 842212046
126623252 571679947
126623252 847774220
126623252 822273741
126623252 131942641
126623252 326573697
126623252 413222193
126623252 905209847
126623252 523523610
126623252 346151947
126623252 364315892
126623252 523960263
126623252 700644497
126623252 886293859
126623252 757516375
126623252 571959730
126623252 541076091
126623252 161241414
126623252 424731778
126623252 691336314
126623252 516880609
126623252 206334191
126623252 155616630
126623252 309811183
126623252 283295939
126623252 876076880
126623252 533639407
126623252 830873958
126623252 851950941
126623252 984182581
126623252 429853693
126623252 905842594
126623252 77040141
126623252 288125064
126623252 624177949
126623252 197673955
126623252 890786811
126623252 566676881
126623252 973063852
126623252 813528950
126623252 799079178
126623252 665531689
126623252 319031011
126623252 290494368
126623252 347796776
126623252 948156867
126623252 2512735
126623252 841169460
126623252 51597706
126623252 844135959
126623252 689750542
126623252 414343343
126623252 706494050
126623252 706737672
126623252 702602713
126623252 260313413
126623252 831952147
126623252 170003284
126623252 13313268
126623252 248200308
126623252 228647320
126623252 676768960
126623252 804502478
126623252 99347887
126623252 433929703
126623252 151512104
126623252 684976779
126623252 65971745
126623252 946285257
70620429 640143317
70620429 58299423
70620429 598188149
70620429 317480144
70620429 130137369
70620429 478744392
70620429 672408035
70620429 646978730
70620429 38894306
70620429 163019433
70620429 179591465
70620429 31246219
70620429 226064549
70620429 885189456
70620429 849474775
70620429 984856813
70620429 224480229
70620429 208947724
70620429 744425811
70620429 254722717
70620429 301841099
70620429 70432737
70620429 311771046
70620429 647801995
70620429 669299374
70620429 522752518
70620429 48472773
70620429 421990010
70620429 141782606
70620429 514399661
70620429 237390374
70620429 355568535
70620429 685663517
70620429 16878442
70620429 510281231
70620429 681321471
70620429 685249448
70620429 301374899
70620429 58437206
70620429 269355478
70620429 664778818
70620429 369897571
70620429 313294457
70620429 346544284
70620429 532154269
70620429 87519298
70620429 916601003
70620429 381713739
70620429 373300197
70620429 911243063
70620429 917487688
70620429 718194319
70620429 678814079
70620429 66991113
70620429 875546946
70620429 920127668
70620429 946592669
70620429 510165409
70620429 204186032
70620429 710293068
70620429 272360457
70620429 864870005
70620429 761714512
70620429 676509422
70620429 352924844
70620429 496915356
70620429 575016956
70620429 237051144
70620429 732352665
70620429 738225585
70620429 682101325
70620429 212501418
70620429 552673130
70620429 103230530
70620429 287619119
70620429 384596575
70620429 740120673
70620429 139614717
70620429 469872158
70620429 974766313
70620429 265388362
70620429 229781989
70620429 512925987
70620429 190527004
70620429 773237596
70620429 107313136
70620429 494242004
70620429 469556994
70620429 435994558
70620429 677145387
70620429 313510896
70620429 463847854
70620429 169297130
70620429 539198273
70620429 322495871
70620429 5788962
70620429 457796850
70620429 255545792
70620429 524399128
70620429 331903383
70620429 454057484
70620429 767782223
70620429 755775032
70620429 9023030
70620429 402294433
70620429 398579174
70620429 24175816
70620429 149376462
70620429 256826912
70620429 414321897
70620429 908985046
70620429 353244918
70620429 521021739
70620429 625700662
70620429 353922606
70620429 258654214
70620429 7271616
70620429 132638735
70620429 685060390
70620429 960940835
70620429 258484387
70620429 566037962
70620429 762288672
70620429 691430335
70620429 937989196
70620429 325398180
70620429 54755058
70620429 853198077
70620429 760172015
70620429 778427778
70620429 68728976
70620429 227814009
70620429 886071839
70620429 296580640
70620429 739112310
70620429 849670548
70620429 774819618
70620429 329095198
70620429 300592869
70620429 610886289
70620429 399348564
70620429 859208012
70620429 376951136
70620429 608277856
70620429 220370974
70620429 349195371
70620429 338655945
70620429 677892895
70620429 539477113
70620429 119587164
70620429 194991334
70620429 418793072
70620429 999909229
70620429 404820141
70620429 633686061
70620429 150718417
70620429 344194852
70620429 82751401
70620429 318258286
70620429 732725561
70620429 468405677
70620429 336190615
70620429 726135687
70620429 669257933
70620429 259802315
70620429 262100405
70620429 226788528
70620429 355867107
70620429 243538801
70620429 351250723
70620429 748280794
70620429 101286953
70620429 730880382
70620429 98497995
70620429 615303428
70620429 121522090
70620429 534289950
70620429 892292816
70620429 16004632
70620429 527816436
70620429 178035326
70620429 596330725
70620429 328698323
70620429 418958246
70620429 545934894
70620429 268041360
70620429 185423939
70620429 4289028
70620429 919170829
70620429 999231859
70620429 807192441
70620429 504019643
70620429 186749024
70620429 1910928
70620429 322211335
666428813 838128663
666428813 729188772
666428813 862384078
611819334 948989168
611819334 841623000
611819334 893386109
611819334 531927400
611819334 485822517
611819334 234868573
469601020 816962227
307861866 435276144
307861866 828959898
307861866 428225375
307861866 443530874
307861866 218280035
307861866 11066678
307861866 547238554
307861866 478877061
307861866 878137200
307861866 612445366
307861866 193463264
307861866 212895602
307861866 331720334
307861866 456142957
307861866 317713064
307861866 322512233
307861866 221900829
307861866 873598978
307861866 901151254
307861866 492489783
307861866 12887506
307861866 163577436
307861866 262941939
307861866 267359261
307861866 793664823
307861866 445449654
307861866 292283378
307861866 868139657
307861866 769817499
307861866 55186300
307861866 130919021
307861866 232606895
307861866 849015630
307861866 961701669
307861866 788454490
307861866 931163316
186057667 195689968
186057667 844192302
186057667 760756056
186057667 867958118
22551666 751125803
22551666 312257288
22551666 774499311
22551666 921403053
22551666 224083612
22551666 56266545
22551666 460232560
22551666 814613570
22551666 425751555
22551666 527456264
22551666 380007333
22551666 138610184
22551666 95555072
22551666 752166962
22551666 925670648
22551666 21005091
22551666 140137563
22551666 987848677
22551666 400760086
22551666 213703838
22551666 612383671
22551666 485463340
22551666 932764723
22551666 818033309
22551666 123292997
22551666 483158922
22551666 762142594
22551666 657388087
22551666 907610072
22551666 214199663
22551666 356476589
22551666 820204403
22551666 402469831
22551666 411135405
22551666 330422887
22551666 286660726
22551666 669175891
22551666 497499544
22551666 703853105
22551666 651383855
22551666 304460484
22551666 535818811
22551666 911807803
22551666 347322711
22551666 411599745
22551666 742094011
22551666 444095030
22551666 701936985
22551666 825683222
22551666 905807159
22551666 233329005
22551666 573886613
22551666 275846577
22551666 943675255
22551666 604983467
22551666 146549719
22551666 544340481
22551666 575176886
22551666 521704366
22551666 318324422
22551666 921784820
22551666 417805042
22551666 342968350
22551666 608185590
22551666 661140072
22551666 866885744
22551666 432605262
22551666 88332908
22551666 67073873
22551666 645779373
22551666 474702092
22551666 399773173
22551666 843350328
22551666 858553295
22551666 582192885
22551666 615249011
22551666 418858650
22551666 677820171
22551666 278025482
22551666 767823930
22551666 247130506
22551666 390118815
22551666 704320447
22551666 327810389
22551666 148505800
22551666 880782697
652771495 618541622
652771495 293844085
652771495 174542263
652771495 585607102
652771495 73208606
652771495 746626772
652771495 754481719
652771495 166442279
652771495 271172844
652771495 447608474
652771495 480731677
652771495 495198324
652771495 808861025
652771495 504345366
652771495 447165193
652771495 892292816
652771495 965603548
652771495 385272963
652771495 921251861
652771495 498932698
652771495 933497579
652771495 565618460
285687906 893726832
285687906 235020950
285687906 561717575
285687906 59697071
285687906 306856508
794728535 902114114
794728535 576634086
794728535 408649909
794728535 727950783
794728535 675317915
794728535 457606942
794728535 726275927
794728535 113471593
794728535 805695995
794728535 387405971
794728535 927901686
794728535 275208736
794728535 18138894
794728535 452115664
794728535 987264065
794728535 187588193
794728535 126650991
794728535 24912837
794728535 81018941
794728535 438953041
794728535 771518834
794728535 311268719
794728535 931847668
794728535 151334220
794728535 209448985
794728535 141217912
794728535 348576415
794728535 32430216
794728535 846426577
794728535 927466718
794728535 366005768
794728535 938686368
794728535 702323790
794728535 194914017
794728535 519174693
794728535 304181780
794728535 853148458
794728535 388795872
794728535 405687096
794728535 728980120
794728535 451863098
794728535 462230369
794728535 87699760
794728535 192819453
794728535 238408327
794728535 109150645
794728535 641807751
794728535 247014091
794728535 311572995
794728535 603916264
794728535 868682099
794728535 123705450
794728535 508527252
794728535 754899332
794728535 585585944
794728535 697192560
794728535 149844909
794728535 27280519
794728535 292751621
794728535 920255674
794728535 129992493
794728535 947340527
794728535 475738123
794728535 788402632
794728535 984378935
794728535 892657766
794728535 653721755
794728535 245359497
794728535 534260569
794728535 139375236
794728535 991997127
794728535 615920916
794728535 173896774
794728535 804535251
794728535 798394409
794728535 374468512
794728535 682101325
794728535 454665445
794728535 36142802
794728535 455130902
794728535 855888689
794728535 897910375
794728535 843441376
794728535 301203150
794728535 788666209
794728535 562709023
794728535 129005373
794728535 589227743
794728535 404914874
794728535 704535287
794728535 21396908
794728535 176251394
794728535 174355575
794728535 665318288
794728535 417932592
794728535 107907872
794728535 117983574
794728535 69961393
794728535 288676477
794728535 530548605
794728535 791900366
794728535 776522950
794728535 372741598
794728535 282937135
794728535 569158511
794728535 868777586
794728535 31475530
794728535 884533573
794728535 881829741
794728535 933737981
794728535 855915579
794728535 918439042
794728535 842351955
794728535 693316809
794728535 403330857
794728535 226788528
794728535 138152574
794728535 905842594
794728535 875431509
794728535 853803669
794728535 49936038
794728535 802831430
794728535 302020210
794728535 853173554
794728535 580576947
794728535 754172029
794728535 120020790
794728535 664639973
794728535 224254195
794728535 51597706
794728535 786736260
794728535 422340322
794728535 447739078
794728535 836241342
794728535 974847312
794728535 83813871
794728535 809775827
794728535 330824786
794728535 807192441
794728535 524205055
794728535 891672632
794728535 645725783
794728535 855517837
794728535 48250636
794728535 565618460
253570546 126556963
253570546 9184483
253570546 180442325
253570546 82323204
253570546 824096028
253570546 499601609
253570546 324012908
253570546 428894939
253570546 499086619
253570546 616445367
253570546 145063057
253570546 806898244
253570546 33350229
253570546 980167644
253570546 963295339
253570546 867793726
253570546 716430513
253570546 774594120
253570546 649632117
253570546 100238124
253570546 170185867
253570546 697132570
253570546 897654653
253570546 763446953
253570546 207137809
253570546 750680290
253570546 758255701
253570546 266148286
253570546 480731677
253570546 311977100
253570546 416874171
253570546 316805131
253570546 240987340
253570546 905842594
253570546 646107817
253570546 750673341
253570546 904983000
253570546 51597706
253570546 878296728
253570546 642368160
253570546 81411998
253570546 320782468
253570546 290209584
253570546 615780249
253570546 718820786
253570546 746744486
253570546 716789068
253570546 554364228
826664224 98459487
826664224 584093037
826664224 490065366
826664224 356894637
826664224 336009882
826664224 271092102
826664224 968183627
826664224 688544306
826664224 594621312
826664224 604411270
826664224 514616960
826664224 386951831
826664224 791090064
826664224 152051360
826664224 849504229
826664224 249092759
826664224 760758973
826664224 373363715
826664224 312036605
826664224 279750742
826664224 717556300
826664224 99596191
826664224 219808683
251865629 643632192
251865629 883561059
251865629 349395134
251865629 224083612
251865629 814931151
251865629 123794089
251865629 761086951
251865629 366216205
251865629 585711527
251865629 581859116
251865629 374117730
251865629 593411129
251865629 897647539
251865629 615738944
251865629 148144250
251865629 61511699
251865629 208349266
251865629 691108752
251865629 37277712
251865629 540102544
251865629 624443584
251865629 998318462
251865629 533597826
251865629 320704857
251865629 844749561
251865629 382121416
251865629 107882033
251865629 399511764
251865629 97848532
251865629 871980183
251865629 522457671
251865629 559041465
251865629 954531997
251865629 195696720
251865629 373200722
251865629 116897405
251865629 135320145
251865629 133948915
251865629 278025482
251865629 378298715
251865629 312692014
251865629 247130506
251865629 775883699
251865629 718820786
209633162 534588805
209633162 181761804
209633162 96759172
209633162 191651631
209633162 634364339
209633162 351146640
209633162 535601542
209633162 859262129
209633162 115279645
209633162 547876985
209633162 476247039
209633162 863834240
209633162 121630508
209633162 57328795
209633162 244238873
209633162 949054347
209633162 899156090
209633162 285387303
209633162 527752403
209633162 980372620
209633162 839999034
209633162 263243799
209633162 379663636
209633162 496174781
209633162 915933472
209633162 1617437
209633162 512704447
209633162 439744307
209633162 413187261
209633162 749394582
866495737 252887430
866495737 844324
866495737 712770987
866495737 694463922
866495737 452263153
866495737 475716868
866495737 996813112
866495737 223784103
866495737 687239811
866495737 929901907
866495737 594390655
866495737 822348396
866495737 623987046
866495737 772057203
866495737 297895892
866495737 676358400
866495737 449430261
866495737 54878652
866495737 440912378
866495737 150999686
866495737 794715229
84211077 56266545
84211077 351768814
84211077 312005304
84211077 791983236
84211077 546871284
84211077 535497008
84211077 776530823
84211077 90863988
84211077 736810088
286434871 761086951
286434871 116033753
286434871 403792907
286434871 351557744
286434871 545953817
286434871 948238142
286434871 701404775
286434871 667115139
286434871 868948149
286434871 111622364
286434871 982582350
286434871 709854535
286434871 888061066
286434871 932167768
286434871 13335753
286434871 886809782
286434871 42322138
286434871 69382250
286434871 389320413
286434871 60373207
286434871 110526172
286434871 867792904
286434871 918947148
286434871 557958438
286434871 919796689
286434871 930440392
721959242 211351153
721959242 377982863
721959242 926198653
476756453 204857877
476756453 874216113
476756453 744786661
476756453 210661786
131861470 345897944
131861470 467591074
131861470 719375127
131861470 855393554
131861470 477039096
649474507 142120887
649474507 150695486
649474507 920610579
649474507 997071645
649474507 951090676
649474507 728571304
649474507 887314532
649474507 832254480
649474507 376503056
649474507 585908662
649474507 323894008
649474507 295902367
649474507 703302462
649474507 688793447
649474507 805557687
649474507 839483425
649474507 618541622
649474507 921116331
649474507 33097149
649474507 351411862
649474507 903781483
649474507 455913617
649474507 185812732
649474507 791526595
649474507 625420511
649474507 403057301
649474507 213723593
649474507 628030634
649474507 21074112
649474507 913292829
649474507 212669748
649474507 178706689
649474507 920569379
649474507 331733016
649474507 348638112
649474507 219153068
649474507 790541328
649474507 77896127
649474507 912650552
649474507 84923144
649474507 194500034
649474507 905746061
649474507 1022526
649474507 668387415
649474507 41741673
649474507 307927472
649474507 263704587
649474507 433138841
649474507 691271482
649474507 403376321
649474507 691509663
649474507 777020765
649474507 607114953
649474507 555394226
649474507 807021277
649474507 286397787
649474507 611553180
649474507 317509098
649474507 316583902
649474507 23942360
649474507 353860587
649474507 734623276
649474507 203230700
649474507 87018455
649474507 385868253
649474507 17571732
649474507 687260625
649474507 20007507
649474507 309533918
649474507 139625958
649474507 904407543
649474507 846423026
649474507 270425223
649474507 522064667
649474507 288119095
649474507 992615400
649474507 356466197
649474507 325614393
649474507 918592387
649474507 3897653
649474507 710754444
649474507 385928260
649474507 253174384
649474507 653596526
649474507 808082036
649474507 227035086
649474507 381244220
649474507 907053513
649474507 961031471
649474507 538625961
649474507 526632620
649474507 922991504
649474507 462077759
649474507 564606655
649474507 693637918
649474507 351240006
649474507 707417385
649474507 218941783
649474507 327002214
649474507 186296368
649474507 782211092
649474507 50678232
649474507 775732783
649474507 807007767
649474507 861273081
649474507 272659961
649474507 761086951
649474507 384222773
649474507 835507522
649474507 190577707
649474507 104145490
649474507 603372365
649474507 450120572
649474507 629118253
649474507 881710966
649474507 131419570
649474507 524887450
649474507 49579302
649474507 804581751
649474507 394013198
649474507 715798623
649474507 399676216
649474507 651618430
649474507 759160280
649474507 871562083
649474507 373300197
649474507 726147964
649474507 96537741
649474507 922218127
649474507 220711014
649474507 309026384
649474507 743096666
649474507 464931442
649474507 683051917
649474507 675139468
649474507 714596698
649474507 753883938
649474507 235262164
649474507 755784800
649474507 723429978
649474507 151200443
649474507 212176633
649474507 806653088
649474507 800209414
649474507 34497420
649474507 808186594
649474507 304245937
649474507 730665935
649474507 372318325
649474507 237932279
649474507 782985355
649474507 681532858
649474507 924801538
649474507 926700327
649474507 515613843
649474507 358478156
649474507 439023641
649474507 798308687
649474507 555700531
649474507 861936898
649474507 283691693
649474507 477208591
649474507 287451843
649474507 509197755
649474507 598581842
649474507 829608233
649474507 400894683
649474507 702071646
649474507 424033801
649474507 508660728
649474507 709509153
649474507 226636635
649474507 644986315
649474507 671948582
649474507 350277779
649474507 292441201
649474507 742872200
649474507 709932218
649474507 763443960
649474507 356855078
649474507 241671191
649474507 771337324
649474507 50092146
649474507 412599730
649474507 975043382
649474507 272579645
649474507 93943394
649474507 129114666
649474507 608956278
649474507 300233133
649474507 909065182
649474507 287554769
649474507 872814958
649474507 264599036
649474507 365686072
649474507 342787105
649474507 684185344
649474507 28310346
649474507 761379409
649474507 752177886
649474507 351017963
649474507 728026443
649474507 667198234
649474507 229975766
649474507 846022930
649474507 67538317
649474507 702814893
649474507 616057658
649474507 368300899
649474507 157378182
649474507 126535760
649474507 811278518
649474507 282856987
649474507 10967980
649474507 505435667
649474507 574955932
649474507 890132318
649474507 990839650
649474507 975494177
649474507 237929574
649474507 526469127
649474507 441820680
649474507 185761216
649474507 756719187
649474507 520096279
649474507 277620547
649474507 167280047
649474507 427282417
649474507 331642605
649474507 940177817
649474507 100785409
649474507 358309494
649474507 412057687
649474507 286986641
649474507 877031165
649474507 780111702
649474507 144195392
649474507 899926511
649474507 426996103
649474507 332530273
649474507 680622339
649474507 721360049
649474507 293738746
649474507 331499116
649474507 173447154
649474507 794349110
649474507 476941670
649474507 485898371
649474507 291611648
649474507 388462224
649474507 88390819
649474507 762296216
649474507 970831092
649474507 758927313
649474507 260795458
649474507 229413756
649474507 26284453
649474507 894027463
649474507 24175816
649474507 809084458
649474507 922915270
649474507 864499230
649474507 117920881
649474507 661276277
649474507 797081650
649474507 804870577
649474507 455741505
649474507 987806147
649474507 855177346
649474507 851530139
649474507 806483100
649474507 407441256
649474507 297543813
649474507 568237545
649474507 570433624
649474507 103942913
649474507 950349061
649474507 224151091
649474507 489485853
649474507 291103017
649474507 692006176
649474507 403326802
649474507 368221232
649474507 939441860
649474507 643696312
649474507 490070044
649474507 71178522
649474507 443629801
649474507 937929260
649474507 501926551
649474507 167451572
649474507 422243076
649474507 671059119
649474507 948247528
649474507 685545897
649474507 88923088
649474507 475636283
649474507 986485324
649474507 924068687
649474507 645771703
649474507 355700697
649474507 861605266
649474507 561705095
649474507 376136720
649474507 217515040
649474507 924520091
649474507 466849151
649474507 964943454
649474507 856091397
649474507 665325001
649474507 793916810
649474507 272640097
649474507 689463776
649474507 692053586
649474507 570029909
649474507 606275527
649474507 942157869
649474507 696078144
649474507 280616441
649474507 175193510
649474507 550189957
649474507 645297416
649474507 929455433
649474507 269064261
649474507 361229637
649474507 193434650
649474507 465785455
649474507 455354368
649474507 80985405
649474507 930072077
649474507 373720327
649474507 811427692
649474507 109436865
649474507 826954899
649474507 123275162
649474507 511158456
649474507 905980269
649474507 790423308
649474507 322937352
649474507 582667812
649474507 565665745
649474507 52964010
649474507 327865274
649474507 553417010
649474507 63041340
649474507 567915228
649474507 642849110
649474507 569297060
649474507 908207285
649474507 532671301
649474507 954787694
649474507 433896882
649474507 675116685
649474507 397782678
649474507 14191607
649474507 601254721
649474507 82906116
649474507 437472234
649474507 405223111
649474507 862258618
649474507 784696969
649474507 519161377
649474507 181550826
649474507 113655893
649474507 226390278
649474507 136984733
649474507 18040874
649474507 117765599
649474507 642436791
649474507 281636455
649474507 643984942
649474507 416339606
649474507 330032884
649474507 368906818
649474507 375140366
649474507 598848415
649474507 391538980
649474507 574949924
649474507 118372769
649474507 134263400
649474507 188787132
649474507 27287004
649474507 265325096
649474507 658450574
649474507 689461499
649474507 170537242
649474507 895918627
649474507 951225134
649474507 501901978
649474507 794944419
649474507 162576540
649474507 368454566
649474507 273156424
649474507 441757818
649474507 110525355
649474507 285984170
649474507 432732845
649474507 426331534
649474507 317905258
649474507 663347614
649474507 900644244
649474507 651865634
649474507 677270181
649474507 498324425
649474507 156877059
649474507 79089135
649474507 283001484
649474507 702129945
649474507 492113627
649474507 504214596
649474507 993887865
649474507 972297067
649474507 111294244
649474507 985335305
649474507 910103918
649474507 795587519
649474507 244185633
649474507 247548250
649474507 243819310
649474507 433439571
649474507 337098763
649474507 879732393
649474507 615780249
649474507 905441370
649474507 634561409
649474507 115936972
649474507 112334936
649474507 645725783
649474507 122278964
649474507 864677962
649474507 725554823
649474507 952557968
649474507 124413300
649474507 192919513
649474507 362615977
649474507 986060948
649474507 54662885
649474507 575545406
628777747 270276544
628777747 861592894
628777747 598305257
628777747 692597740
628777747 42495750
628777747 369181198
628777747 372564567
628777747 968011483
628777747 820945445
628777747 901712672
628777747 153815203
628777747 777653748
628777747 427611858
628777747 481617819
628777747 815150318
628777747 182908393
628777747 275726826
628777747 208136572
628777747 332695156
628777747 920921587
628777747 503698636
628777747 178706689
628777747 62488093
628777747 301159401
628777747 844527743
628777747 18272763
628777747 213625147
628777747 234513019
628777747 681978256
628777747 792898350
628777747 915650614
628777747 338962603
628777747 691671011
628777747 381556024
628777747 633665124
628777747 747836734
628777747 762961727
628777747 858065520
628777747 524078441
628777747 901576765
628777747 402655808
628777747 725092210
628777747 138151527
628777747 738174687
628777747 583523656
628777747 825017146
628777747 593350396
628777747 383977228
628777747 190891339
628777747 886962449
628777747 59715321
628777747 72066489
628777747 711256204
628777747 612445366
628777747 511491928
628777747 322827103
628777747 532314170
628777747 520846115
628777747 702323790
628777747 359903045
628777747 812362849
628777747 808332847
628777747 419030927
628777747 755765047
628777747 283676213
628777747 240803560
628777747 286521598
628777747 628139760
628777747 696118078
628777747 615316822
628777747 543435953
628777747 943245247
628777747 504714814
628777747 85637359
628777747 762772956
628777747 896396857
628777747 3340746
628777747 495034178
628777747 390599827
628777747 66248963
628777747 972519627
628777747 805223814
628777747 90453037
628777747 377179578
628777747 518212337
628777747 203444268
628777747 530552754
628777747 627816058
628777747 925108246
628777747 442622836
628777747 108415597
628777747 47836624
628777747 387809908
628777747 343022481
628777747 303797550
628777747 933794386
628777747 307812297
628777747 493247762
628777747 990922704
628777747 203103987
628777747 930389230
628777747 935858100
628777747 100334229
628777747 41338123
628777747 492378723
628777747 972830288
628777747 777424831
628777747 870684099
628777747 114472502
628777747 844488926
628777747 459153827
628777747 268410921
628777747 592347227
628777747 947718542
628777747 212501418
628777747 487324557
628777747 866022715
628777747 547055707
628777747 212980418
628777747 698848245
628777747 119563829
628777747 901608847
628777747 45205298
628777747 545359834
628777747 843441376
628777747 451706015
628777747 219607650
628777747 334927775
628777747 177027605
628777747 312573543
628777747 895037701
628777747 51021153
628777747 438551922
628777747 75339449
628777747 755919953
628777747 422180675
628777747 521066050
628777747 454204744
628777747 226534569
628777747 652791063
628777747 476140292
628777747 534050310
628777747 813962742
628777747 914754094
628777747 492250144
628777747 727013685
628777747 356004764
628777747 914261871
628777747 141626957
628777747 677541531
628777747 83778939
628777747 107907872
628777747 794934400
628777747 13715649
628777747 283753012
628777747 721914601
628777747 279225160
628777747 990977530
628777747 522136085
628777747 175350259
628777747 385393405
628777747 123615711
628777747 884839731
628777747 62709354
628777747 923915892
628777747 743507787
628777747 460384213
628777747 785399042
628777747 442473506
628777747 887656915
628777747 268022110
628777747 36575182
628777747 242581269
628777747 431539565
628777747 816228831
628777747 528096581
628777747 722541588
628777747 458671074
628777747 231494324
628777747 49936038
628777747 12084548
628777747 96771512
628777747 504345366
628777747 524123994
628777747 506572685
628777747 904964133
628777747 367746637
628777747 443559814
628777747 231909825
628777747 867548256
628777747 137301619
628777747 715609014
628777747 285941236
628777747 489815496
628777747 262253480
628777747 133377413
628777747 127983732
628777747 885489683
628777747 405537061
628777747 176282896
628777747 609535385
628777747 91406099
628777747 77191812
628777747 691480067
628777747 880941842
628777747 938556634
628777747 658180513
628777747 746195018
628777747 312692014
628777747 197740325
628777747 380956376
628777747 468103673
628777747 226183896
628777747 961198362
628777747 596330725
628777747 759590808
628777747 709430982
628777747 843401699
628777747 737544186
628777747 183114259
628777747 597642419
628777747 924794853
628777747 282960523
628777747 807192441
628777747 601536313
628777747 485880978
628777747 911809384
628777747 504019643
628777747 773409060
628777747 281424873
628777747 50142326
628777747 848639467
628777747 832335785
628777747 142576201
628777747 202063468
628777747 995651622
628777747 708586601
628777747 845409369
213431576 345719010
213431576 54774139
213431576 361876412
213431576 529571638
213431576 211343104
213431576 450619638
213431576 921644868
213431576 341167462
213431576 490990137
213431576 112899852
213431576 160087276
213431576 317509098
213431576 100965816
213431576 320572083
213431576 172089598
213431576 85553473
213431576 681815224
213431576 942596492
213431576 283066491
213431576 927192728
213431576 342115695
213431576 155941574
213431576 916927549
213431576 938493108
213431576 360443010
213431576 455984248
213431576 623406097
213431576 686192540
213431576 674557082
213431576 678826205
213431576 476506655
213431576 223324783
213431576 128621132
213431576 605533050
213431576 131308976
213431576 12113808
213431576 427491801
213431576 146561950
213431576 223203817
213431576 473808861
213431576 603184622
213431576 419578023
213431576 882905117
213431576 137900786
213431576 652498524
213431576 905842594
213431576 819278255
213431576 731383024
213431576 387440362
213431576 466560958
213431576 810668939
213431576 461083184
213431576 707448288
213431576 758814053
213431576 163561969
628556888 970444963
628556888 14322913
905703832 115565244
905703832 211351153
170737930 436706339
170737930 796150352
170737930 415092861
170737930 574272327
170737930 460456079
170737930 178706689
170737930 346296445
170737930 12221042
170737930 993445798
170737930 493568509
170737930 37518847
170737930 265533848
170737930 57868888
170737930 533516871
170737930 171094532
170737930 608167133
170737930 783722171
170737930 693491237
170737930 414040868
170737930 887195044
170737930 455895518
170737930 437043289
170737930 654716938
170737930 157456817
170737930 728093135
170737930 120215312
170737930 604729736
170737930 239205927
170737930 474566208
170737930 973048370
170737930 53103096
170737930 172299442
170737930 821257636
170737930 833628608
170737930 926302039
170737930 221111083
170737930 714919929
170737930 993894716
170737930 457177274
170737930 726756633
170737930 220429397
170737930 789231310
170737930 582294665
170737930 359516840
170737930 400010320
170737930 711282015
170737930 634854852
170737930 861896299
170737930 834102149
170737930 775532405
170737930 461923874
170737930 785650133
170737930 720950656
170737930 603425736
170737930 358245445
170737930 35168589
170737930 677150372
170737930 657936886
170737930 806321535
170737930 904131825
170737930 906829958
170737930 276159533
170737930 361115316
170737930 465544680
170737930 828508540
170737930 455848164
170737930 531684394
170737930 689750542
170737930 115420289
170737930 357889907
170737930 172585988
170737930 465309131
170737930 177804085
170737930 389858957
170737930 609139721
170737930 46723455
170737930 41116878
170737930 281073900
170737930 691314515
170737930 718551352
170737930 715544510
170737930 958980710
170737930 130161547
170737930 493843968
727350644 290869363
826862506 823325374
826862506 383791591
826862506 901072527
826862506 465300088
826862506 573349232
826862506 620715610
826862506 647336239
826862506 46927901
826862506 481404788
826862506 150300575
826862506 131924786
826862506 96685671
936530153 384155909
936530153 142936227
936530153 684660876
936530153 679547617
936530153 809125316
936530153 651100055
936530153 198060805
936530153 546222200
936530153 76919048
936530153 616112804
936530153 280821641
936530153 913201808
936530153 974655683
936530153 131096235
936530153 593867684
936530153 52526135
936530153 992923229
936530153 652617520
936530153 73040340
936530153 351258118
936530153 493973683
936530153 429007045
936530153 775617801
936530153 540976718
936530153 499128772
936530153 144524659
936530153 926506700
936530153 181078506
936530153 355220301
936530153 875559
936530153 438895993
936530153 620274085
936530153 467201427
936530153 577834362
936530153 682822155
936530153 320263081
936530153 655969063
936530153 655300082
936530153 573050738
936530153 797832607
936530153 29869649
936530153 140828708
936530153 772414925
936530153 412308138
936530153 112350432
936530153 675504328
936530153 261859632
936530153 511241518
936530153 374619797
936530153 604258764
936530153 380539440
936530153 179879229
936530153 452957393
936530153 434473806
936530153 685985412
936530153 229163210
936530153 568374440
936530153 796387258
936530153 701372834
936530153 535249692
936530153 803866774
936530153 729007010
936530153 501697852
936530153 412863986
936530153 969671027
936530153 628409934
936530153 916501444
936530153 323379251
936530153 896118908
936530153 122947931
936530153 413028728
936530153 515814281
936530153 799289891
936530153 766763076
936530153 319002989
936530153 500571980
936530153 520403098
936530153 751849869
936530153 444001338
936530153 536462724
936530153 827502898
936530153 932556231
936530153 937098444
936530153 748545073
936530153 986355256
936530153 344089522
936530153 963109883
936530153 418881088
936530153 323151780
936530153 740527203
936530153 295455165
936530153 593830608
936530153 384557973
936530153 12831719
936530153 331723136
936530153 89618669
936530153 959218712
936530153 914919704
936530153 952608729
936530153 478163281
936530153 221119291
936530153 481043722
936530153 692343967
936530153 522602133
936530153 826967604
936530153 794205490
936530153 810652100
936530153 289829571
936530153 883760903
936530153 859031201
936530153 415490572
936530153 638958007
936530153 189370055
936530153 160905247
936530153 426460603
936530153 764509168
936530153 764460025
936530153 62711576
936530153 660636261
936530153 309768239
936530153 940203588
936530153 743678889
936530153 1057706
936530153 4447795
936530153 455398757
936530153 715882828
936530153 791664970
936530153 754231582
936530153 738720990
936530153 867406776
936530153 322877266
936530153 559394804
936530153 103830514
936530153 262962744
936530153 187934444
936530153 271157463
936530153 721881086
936530153 404427744
936530153 549912237
936530153 800939987
936530153 666581374
936530153 124413471
936530153 193452672
936530153 528703549
936530153 617781848
936530153 583179754
936530153 161890236
936530153 830244229
936530153 215587085
936530153 147796335
936530153 352313021
936530153 367055049
936530153 222396366
936530153 57149912
936530153 266612273
936530153 481395018
936530153 348611417
936530153 703272156
936530153 36919916
936530153 655140442
936530153 304699255
936530153 896003497
936530153 291975420
936530153 810145712
936530153 258821651
936530153 670062549
936530153 299983976
936530153 1475235
936530153 43024244
936530153 488230680
936530153 389208102
936530153 274933674
936530153 62925382
936530153 386151813
936530153 786883764
936530153 917744871
936530153 628923054
936530153 492368358
936530153 194099693
936530153 23656143
936530153 157887896
936530153 242786724
936530153 760398102
936530153 708981748
936530153 564017878
936530153 772568359
936530153 508761932
936530153 545932857
936530153 313213095
936530153 470060559
936530153 420548726
936530153 810408757
936530153 799562362
936530153 119263891
936530153 643467444
936530153 954205866
936530153 664727618
936530153 780389429
936530153 788809052
936530153 47274905
936530153 272317923
936530153 674022052
936530153 702351941
936530153 334655897
936530153 791983236
936530153 866495634
936530153 224489370
936530153 998381579
936530153 128722848
936530153 642496268
936530153 82543894
936530153 359603298
936530153 991430612
936530153 280885056
936530153 241802966
936530153 469744928
936530153 417349099